Mesh
MeshAsteroid
45
0 0.5 1.0 1.0 1.0 1.0 0.5 1
0.20336444483405444 0.4567744548213449 1.0 1.0 1.0 1.0 0.7033644448340545 0.9567744548213448
0 0 1.0 1.0 1.0 1.0 0.5 0.5
0.47552432398523853 0.15452060476966142 1.0 1.0 1.0 1.0 0.9755243239852385 0.6545206047696615
0 0 1.0 1.0 1.0 1.0 0.5 0.5
0.43302331043396575 -0.2499816245663056 1.0 1.0 1.0 1.0 0.9330233104339658 0.25001837543369443
0 0 1.0 1.0 1.0 1.0 0.5 0.5
0.10398490110826664 -0.48906762348524363 1.0 1.0 1.0 1.0 0.6039849011082666 0.01093237651475637
0 0 1.0 1.0 1.0 1.0 0.5 0.5
-0.29386172718736153 -0.40453094479218854 1.0 1.0 1.0 1.0 0.20613827281263847 0.09546905520781146
0 0 1.0 1.0 1.0 1.0 0.5 0.5
-0.4972560662017134 -0.05231065499109317 1.0 1.0 1.0 1.0 0.0027439337982865797 0.44768934500890684
0 0 1.0 1.0 1.0 1.0 0.5 0.5
-0.3716093240334333 0.3345243044853614 1.0 1.0 1.0 1.0 0.12839067596656673 0.8345243044853614
0 0 1.0 1.0 1.0 1.0 0.5 0.5
-0.0000636535896215044 0.49999999594822053 1.0 1.0 1.0 1.0 0.4999363464103785 0.9999999959482205
0 0 1.0 1.0 1.0 1.0 0.5 0.5
0.3715241372975064 0.33461891071089156 1.0 1.0 1.0 1.0 0.8715241372975064 0.8346189107108916
0 0 1.0 1.0 1.0 1.0 0.5 0.5
0.4972693691272927 -0.052184044762210016 1.0 1.0 1.0 1.0 0.9972693691272927 0.44781595523779
0 0 1.0 1.0 1.0 1.0 0.5 0.5
0.29396471704821975 -0.40445611026508194 1.0 1.0 1.0 1.0 0.7939647170482198 0.09554388973491806
0 0 1.0 1.0 1.0 1.0 0.5 0.5
-0.1038603740994753 -0.4890940836811636 1.0 1.0 1.0 1.0 0.3961396259005247 0.010905916318836417
0 0 1.0 1.0 1.0 1.0 0.5 0.5
-0.4329596474873898 -0.25009187041484404 1.0 1.0 1.0 1.0 0.0670403525126102 0.24990812958515596
0 0 1.0 1.0 1.0 1.0 0.5 0.5
-0.4755636517358184 0.15439952444127947 1.0 1.0 1.0 1.0 0.024436348264181618 0.6543995244412795
0 0 1.0 1.0 1.0 1.0 0.5 0.5
-0.203480739575996 0.45672266050810933 1.0 1.0 1.0 1.0 0.296519260424004 0.9567226605081094
0 0 1.0 1.0 1.0 1.0 0.5 0.5
0.20324813690830662 0.4568262195225907 1.0 1.0 1.0 1.0 0.7032481369083066 0.9568262195225907
0 0 1.0 1.0 1.0 1.0 0.5 0.5
0.4754849654071437 0.15464167508070834 1.0 1.0 1.0 1.0 0.9754849654071437 0.6546416750807084
0 0 1.0 1.0 1.0 1.0 0.5 0.5
0.4330869453083023 -0.24987136251184047 1.0 1.0 1.0 1.0 0.9330869453083023 0.2501286374881595
0 0 1.0 1.0 1.0 1.0 0.5 0.5
0.10410942137587621 -0.489041131583817 1.0 1.0 1.0 1.0 0.6041094213758762 0.010958868416182987
0 0 1.0 1.0 1.0 1.0 0.5 0.5
-0.29375871827589706 -0.40460575309417207 1.0 1.0 1.0 1.0 0.20624128172410294 0.09539424690582793
0 0 1.0 1.0 1.0 1.0 0.5 0.5
-0.49724273103978345 -0.052437261828756514 1.0 1.0 1.0 1.0 0.0027572689602165523 0.4475627381712435
0 0 1.0 1.0 1.0 1.0 0.5 0.5
-0.3716944866784953 0.3344296765731323 1.0 1.0 1.0 1.0 0.1283055133215047 0.8344296765731323
0 0 1.0 1.0 1.0 1.0 0.5 0.5